#rig1,rig2,flux,error,dataset
0.28 0.32 1.631037e+02 7.592275e-01 EPHIN_H-1m
0.76 0.83 1.629829e+03 3.263730e+02 EPHIN_H-Kuhn
0.83 0.90 1.623685e+03 3.251426e+02 EPHIN_H-Kuhn
0.90 0.98 1.680462e+03 3.365123e+02 EPHIN_H-Kuhn
0.98 1.06 1.550966e+03 3.105806e+02 EPHIN_H-Kuhn
1.06 1.16 1.625324e+03 3.254709e+02 EPHIN_H-Kuhn
1.16 1.26 1.350470e+03 2.704314e+02 EPHIN_H-Kuhn
1.26 1.38 1.328489e+03 2.660297e+02 EPHIN_H-Kuhn
1.38 1.51 1.207643e+03 2.418304e+02 EPHIN_H-Kuhn
1.51 1.66 1.152970e+03 2.308821e+02 EPHIN_H-Kuhn
1.66 1.83 1.038862e+03 2.080320e+02 EPHIN_H-Kuhn
1.83 2.02 9.432803e+02 1.888917e+02 EPHIN_H-Kuhn
2.02 2.23 7.680812e+02 1.538081e+02 EPHIN_H-Kuhn
2.23 2.47 5.942488e+02 1.189982e+02 EPHIN_H-Kuhn
0.40 0.43 5.787160e+02 7.152888e+01 PAMELA_H-ApJ2013
0.43 0.46 6.637016e+02 8.047426e+01 PAMELA_H-ApJ2013
0.46 0.47 7.241620e+02 8.651769e+01 PAMELA_H-ApJ2013
0.47 0.49 7.882724e+02 9.290138e+01 PAMELA_H-ApJ2013
0.49 0.51 8.554240e+02 9.945347e+01 PAMELA_H-ApJ2013
0.51 0.55 9.256646e+02 1.065291e+02 PAMELA_H-ApJ2013
0.55 0.57 9.982264e+02 1.138509e+02 PAMELA_H-ApJ2013
0.57 0.59 1.059715e+03 1.197992e+02 PAMELA_H-ApJ2013
0.59 0.63 1.153593e+03 1.292892e+02 PAMELA_H-ApJ2013
0.63 0.66 1.234612e+03 1.372196e+02 PAMELA_H-ApJ2013
0.66 0.68 1.267851e+03 1.399221e+02 PAMELA_H-ApJ2013
0.68 0.71 1.330187e+03 1.457947e+02 PAMELA_H-ApJ2013
0.71 0.75 1.417005e+03 1.542691e+02 PAMELA_H-ApJ2013
0.75 0.79 1.477985e+03 1.599152e+02 PAMELA_H-ApJ2013
0.79 0.82 1.504226e+03 1.617732e+02 PAMELA_H-ApJ2013
0.82 0.87 1.552695e+03 1.659868e+02 PAMELA_H-ApJ2013
0.87 0.90 1.576573e+03 1.675662e+02 PAMELA_H-ApJ2013
0.90 0.94 1.590571e+03 1.680862e+02 PAMELA_H-ApJ2013
0.94 1.00 1.595212e+03 1.676207e+02 PAMELA_H-ApJ2013
1.00 1.04 1.624800e+03 1.697865e+02 PAMELA_H-ApJ2013
1.04 1.09 1.609042e+03 1.672188e+02 PAMELA_H-ApJ2013
1.09 1.14 1.567191e+03 1.619850e+02 PAMELA_H-ApJ2013
1.14 1.19 1.554508e+03 1.598101e+02 PAMELA_H-ApJ2013
1.19 1.24 1.518471e+03 1.552655e+02 PAMELA_H-ApJ2013
1.24 1.31 1.471116e+03 1.496276e+02 PAMELA_H-ApJ2013
1.31 1.37 1.433294e+03 1.450165e+02 PAMELA_H-ApJ2013
1.37 1.43 1.375312e+03 1.384272e+02 PAMELA_H-ApJ2013
1.43 1.50 1.322032e+03 1.323790e+02 PAMELA_H-ApJ2013
1.50 1.57 1.262122e+03 1.257350e+02 PAMELA_H-ApJ2013
1.57 1.65 1.195250e+03 1.184711e+02 PAMELA_H-ApJ2013
1.65 1.72 1.134146e+03 1.118525e+02 PAMELA_H-ApJ2013
1.72 1.80 1.069031e+03 1.049091e+02 PAMELA_H-ApJ2013
1.80 1.89 1.005457e+03 9.818811e+01 PAMELA_H-ApJ2013
1.89 1.98 9.522866e+02 9.254658e+01 PAMELA_H-ApJ2013
1.98 2.08 8.810533e+02 8.521639e+01 PAMELA_H-ApJ2013
2.08 2.16 8.215388e+02 7.908665e+01 PAMELA_H-ApJ2013
2.16 2.27 7.643773e+02 7.324299e+01 PAMELA_H-ApJ2013
2.27 2.38 7.079178e+02 6.752372e+01 PAMELA_H-ApJ2013
2.38 2.49 6.555648e+02 6.224933e+01 PAMELA_H-ApJ2013
2.49 2.60 6.041442e+02 5.711349e+01 PAMELA_H-ApJ2013
2.60 2.73 5.548785e+02 5.222876e+01 PAMELA_H-ApJ2013
2.73 2.86 5.116325e+02 4.795324e+01 PAMELA_H-ApJ2013
2.86 3.00 4.680862e+02 4.368894e+01 PAMELA_H-ApJ2013
3.00 3.13 4.270983e+02 3.970068e+01 PAMELA_H-ApJ2013
3.13 3.29 3.916653e+02 3.626166e+01 PAMELA_H-ApJ2013
3.29 3.43 3.556617e+02 3.280005e+01 PAMELA_H-ApJ2013
3.43 3.60 3.239329e+02 2.976040e+01 PAMELA_H-ApJ2013
3.60 3.76 2.949747e+02 2.699961e+01 PAMELA_H-ApJ2013
3.76 3.95 2.662028e+02 2.427846e+01 PAMELA_H-ApJ2013
3.95 4.13 2.414239e+02 2.195350e+01 PAMELA_H-ApJ2013
4.13 4.33 2.191000e+02 1.988951e+01 PAMELA_H-ApJ2013
4.33 4.53 1.980371e+02 1.794729e+01 PAMELA_H-ApJ2013
4.53 4.97 1.691740e+02 1.528931e+01 PAMELA_H-ApJ2013
4.97 5.45 1.366179e+02 1.230758e+01 PAMELA_H-ApJ2013
5.45 5.98 1.101568e+02 9.893241e+00 PAMELA_H-ApJ2013
5.98 6.55 8.786966e+01 7.868343e+00 PAMELA_H-ApJ2013
6.55 7.18 6.995190e+01 6.246204e+00 PAMELA_H-ApJ2013
7.18 7.87 5.621474e+01 5.006041e+00 PAMELA_H-ApJ2013
7.87 8.63 4.424635e+01 3.930171e+00 PAMELA_H-ApJ2013
8.63 9.46 3.507322e+01 3.107831e+00 PAMELA_H-ApJ2013
9.46 10.38 2.748466e+01 2.429873e+00 PAMELA_H-ApJ2013
10.38 11.38 2.182245e+01 1.929044e+00 PAMELA_H-ApJ2013
11.38 12.47 1.704374e+01 1.506751e+00 PAMELA_H-ApJ2013
12.47 13.68 1.333382e+01 1.178888e+00 PAMELA_H-ApJ2013
13.68 15.00 1.046312e+01 9.251751e-01 PAMELA_H-ApJ2013
15.00 16.45 8.082106e+00 7.147314e-01 PAMELA_H-ApJ2013
16.45 18.03 6.317132e+00 5.587175e-01 PAMELA_H-ApJ2013
18.03 19.78 4.861691e+00 4.300565e-01 PAMELA_H-ApJ2013
19.78 21.68 3.817464e+00 3.377413e-01 PAMELA_H-ApJ2013
21.68 23.77 2.941904e+00 2.603469e-01 PAMELA_H-ApJ2013
23.77 26.07 2.267359e+00 2.007197e-01 PAMELA_H-ApJ2013
26.07 28.58 1.757505e+00 1.556450e-01 PAMELA_H-ApJ2013
28.58 31.34 1.349275e+00 1.195491e-01 PAMELA_H-ApJ2013
31.34 34.37 1.043059e+00 9.246833e-02 PAMELA_H-ApJ2013
34.37 37.68 8.092093e-01 7.178261e-02 PAMELA_H-ApJ2013
37.68 41.32 6.283255e-01 5.577853e-02 PAMELA_H-ApJ2013
41.32 45.30 4.910677e-01 4.362992e-02 PAMELA_H-ApJ2013
45.30 49.67 3.429038e-01 3.052026e-02 PAMELA_H-ApJ2013
